image: /home/hl97/at1_ws/src/at1_navigation/maps/testworld_1.pgm
resolution: 0.010000
origin: [-20.000000, -20.000000, 0.000000]
negate: 0
occupied_thresh: 0.65
free_thresh: 0.196

